[<tf.Variable 'Conv1/kernel:0' shape=(3, 3, 1, 32) dtype=float32, numpy=
array([[[[ 5.27947843e-01,  8.49970877e-01, -6.91952586e-01,
           4.87127788e-02, -2.76055396e-01, -1.13841489e-01,
           5.62331498e-01,  6.80545449e-01,  3.52173686e-01,
          -3.78907993e-02, -3.82888764e-01,  3.65120202e-01,
          -2.26202339e-01,  7.44675100e-01, -1.16861415e+00,
           5.65274060e-01,  7.61997461e-01, -9.45372343e-01,
          -7.87412599e-02,  8.00997198e-01, -8.50709736e-01,
           3.18594307e-01, -5.43050230e-01,  4.10031646e-01,
           5.23809977e-02, -6.78398684e-02, -4.20249254e-01,
           1.71835303e-01,  3.14644068e-01, -9.15615916e-01,
          -6.15268648e-01, -1.82141215e-01]],

        [[ 2.56696977e-02,  2.11192831e-01, -2.31823236e-01,
           5.14817417e-01,  4.98501807e-01, -1.24199726e-01,
          -2.96313047e-01, -8.95563245e-01, -2.11006686e-01,
          -6.13988973e-02,  4.33730125e-01, -2.27080937e-02,
          -2.10194737e-01,  6.16590912e-03, -9.49681401e-01,
          -1.40704468e-01,  7.52581477e-01, -3.59883726e-01,
          -1.18829176e-01, -7.14200258e-01,  4.15957540e-01,
          -3.65018547e-01, -1.90435454e-01,  1.43418804e-01,
           4.47179265e-02,  4.00320679e-01,  9.22712907e-02,
           2.92600691e-01,  2.41356730e-01, -8.86992812e-01,
           4.55862552e-01,  7.21379369e-02]],

        [[-4.31027621e-01, -8.72926414e-02, -1.48390502e-01,
           9.84138548e-02, -1.15687691e-01, -1.66690230e-01,
           4.47914869e-01,  2.02178150e-01,  2.56822169e-01,
          -8.60247016e-01,  6.04398608e-01, -4.88483280e-01,
           2.32724726e-01,  4.96305645e-01, -1.32727087e+00,
          -4.99204755e-01,  6.44876808e-02, -4.87388015e-01,
           1.06059790e+00,  1.19271189e-01, -6.51607513e-01,
           9.03968811e-02, -2.75937140e-01, -5.72258890e-01,
           5.57142854e-01,  9.31925774e-02, -1.12940297e-01,
          -2.63414294e-01, -1.07285035e+00,  4.22507077e-01,
           1.98841229e-01,  1.38989910e-01]]],


       [[[-4.89203930e-01,  1.32855214e-02, -5.11887491e-01,
           2.46085122e-01, -5.14232397e-01, -3.11675966e-01,
           2.57242084e-01,  1.15326202e+00, -9.17835981e-02,
           7.94095024e-02,  2.58225560e-01,  3.24659824e-01,
           2.13580117e-01, -2.34303445e-01, -3.87727976e-01,
           3.19959342e-01,  9.93308187e-01,  7.47591853e-01,
          -1.78238563e-02,  1.46013141e-01,  8.53409469e-01,
          -1.10654332e-01,  5.76740801e-01,  2.48113722e-01,
          -9.66828316e-03, -4.73694772e-01, -4.99126554e-01,
           7.65168011e-01,  3.27700585e-01,  2.94650912e-01,
          -6.51127458e-01,  4.24909472e-01]],

        [[-2.19468296e-01, -2.00470233e+00, -1.34378709e-02,
          -4.09063846e-01, -3.84030491e-01, -4.09958452e-01,
          -1.01298189e+00, -8.53617713e-02, -6.70206696e-02,
           5.33824742e-01, -1.34212717e-01, -5.62337816e-01,
           1.42826021e-01,  6.71127856e-01,  1.45198971e-01,
          -2.29650997e-02, -9.56351757e-01,  3.14567775e-01,
           4.63007540e-01, -5.81732452e-01,  5.67576252e-02,
           1.28225744e-01,  2.36269385e-01,  3.38825852e-01,
          -7.31733680e-01,  1.60988495e-01,  6.43294513e-01,
          -8.20956767e-01, -1.18442141e-01,  3.53345543e-01,
           4.81689870e-01,  6.52876854e-01]],

        [[-1.40155293e-02, -1.31860518e+00,  2.07740590e-01,
          -9.12805438e-01, -2.14495093e-01, -5.01876175e-01,
           2.03016862e-01, -6.29500926e-01, -4.70101357e-01,
          -6.49492368e-02,  9.43020433e-02,  3.52804482e-01,
           4.88364100e-01, -1.66126624e-01,  6.67273641e-01,
          -3.09989721e-01, -1.87205717e-01,  9.89917874e-01,
          -2.06024259e-01,  3.95450853e-02,  1.19643435e-01,
          -4.85407233e-01, -1.87980402e-02, -4.59919758e-02,
           5.06739438e-01, -2.72139519e-01, -4.02986884e-01,
           3.87496114e-01, -5.25512338e-01, -6.99918926e-01,
           2.78651267e-01, -2.58922637e-01]]],


       [[[-6.61434010e-02,  1.92409888e-01, -1.20071590e-01,
           4.43927497e-01, -1.07059672e-01, -6.35550797e-01,
          -1.28517807e-01, -8.08414459e-01,  3.32371652e-01,
          -3.63843501e-01, -1.42578974e-01, -7.35857487e-01,
          -2.39074081e-01, -9.75885928e-01, -8.87207568e-01,
           1.87466238e-02,  5.99418223e-01,  1.09131463e-01,
          -3.50707561e-01,  4.05208856e-01, -2.24916607e-01,
          -1.62339777e-01, -2.58105844e-01, -1.54823363e-01,
          -2.42020026e-01, -2.10923895e-01, -1.51649818e-01,
           1.61483839e-01,  6.01937652e-01,  5.57622015e-01,
           1.35893133e-02, -7.69053578e-01]],

        [[ 4.90801781e-01, -1.49478328e+00,  3.72177154e-01,
          -2.59786576e-01,  4.40803379e-01, -1.38576906e-02,
           2.99672872e-01,  3.03198814e-01, -3.40087712e-01,
           4.00187910e-01, -7.25788713e-01, -1.95120014e-02,
           1.25156613e-02, -5.94172359e-01,  1.10478766e-01,
          -1.34271741e-01, -9.83830631e-01,  2.36120865e-01,
           2.22184598e-01, -2.06728473e-01, -8.58081281e-01,
           5.21551967e-01, -7.53229082e-01, -4.52838182e-01,
          -4.58901078e-01,  8.38709056e-01,  3.61449718e-01,
           2.89065272e-01,  1.32082015e-01,  8.88023615e-01,
          -4.35562938e-01,  4.07945514e-02]],

        [[ 1.47953704e-01, -1.76632547e+00,  7.24305987e-01,
           2.80961812e-01,  6.16369784e-01,  6.48366272e-01,
          -1.19743742e-01, -5.33774555e-01,  2.15320975e-01,
           4.16972041e-01, -5.22343099e-01,  7.42999911e-01,
          -2.59349883e-01, -5.34956343e-02,  5.95479533e-02,
           1.09202914e-01, -1.03585827e+00, -5.80605447e-01,
          -9.52599704e-01, -2.99811959e-02,  1.03009003e-03,
           5.19797020e-02,  9.59122106e-02,  2.73913834e-02,
           3.46158892e-01, -1.37128785e-01, -7.38076925e-01,
          -4.55696166e-01,  6.65650129e-01, -9.79863629e-02,
           2.32384026e-01,  5.30589521e-01]]]], dtype=float32)>, <tf.Variable 'Conv1/bias:0' shape=(32,) dtype=float32, numpy=
array([-1.77601911e-03,  2.28437528e-01,  6.99307844e-02, -7.45257363e-02,
        2.02048570e-02,  8.01403425e-04, -1.53721303e-01,  1.63469911e-01,
       -5.24728373e-03, -1.55231476e-01,  1.08345404e-01,  9.07265954e-03,
       -1.40340418e-01,  2.11738497e-02,  1.48722991e-01,  3.90537754e-02,
       -4.08339985e-02, -6.16129525e-02, -4.31027710e-02, -2.80947890e-02,
        2.90275961e-02, -1.00736758e-02,  9.66736749e-02,  3.06166690e-02,
       -8.88122246e-02, -1.82613984e-01,  1.14013426e-01, -2.84711152e-01,
       -4.19033617e-01,  3.21965925e-02,  1.08095410e-05, -3.89247656e-01],
      dtype=float32)>, <tf.Variable 'Conv2/kernel:0' shape=(3, 3, 32, 64) dtype=float32, numpy=
array([[[[ 0.16436626,  0.24281241,  0.18126784, ...,  0.14179812,
           0.21232021,  0.22217156],
         [ 0.05376535, -0.25854257,  0.04750642, ...,  0.15581524,
           0.11414793, -0.3215115 ],
         [-0.21691453, -0.08309881,  0.12608007, ..., -0.07378574,
           0.1509222 , -0.1471932 ],
         ...,
         [-0.13933042, -0.00712339,  0.18470603, ...,  0.09521559,
          -0.17727156,  0.18865183],
         [ 0.1701007 ,  0.05913406,  0.24095045, ..., -0.23651087,
           0.1180422 ,  0.12658304],
         [-0.02448801,  0.00492848,  0.17657134, ..., -0.0641421 ,
          -0.02106134,  0.07837473]],

        [[-0.13220899,  0.00288823, -0.44271445, ..., -0.35291147,
          -0.5197201 ,  0.13549976],
         [-0.02516842, -0.08237983,  0.1243264 , ..., -0.37981695,
           0.00844076, -0.36656952],
         [-0.18391226, -0.16861497,  0.13580403, ..., -0.25235465,
           0.02626807, -0.16019025],
         ...,
         [-0.04142292, -0.00370665, -0.20527606, ...,  0.06721198,
          -0.280417  , -0.01429236],
         [ 0.02530373,  0.10746025,  0.0292405 , ...,  0.3500792 ,
           0.3250084 ,  0.02702848],
         [ 0.11199424,  0.03748323,  0.0820258 , ...,  0.01703347,
           0.11607734, -0.02908627]],

        [[ 0.05549996,  0.04957135, -0.26226556, ...,  0.09377155,
          -0.14255106, -0.00255298],
         [-0.12276099, -0.03494687, -0.01298543, ..., -0.25988367,
          -0.14060108, -0.36151776],
         [-0.01611957, -0.17585234, -0.01456435, ...,  0.08953457,
          -0.69877625, -0.3235541 ],
         ...,
         [-0.14869615, -0.13283153, -0.3095553 , ..., -0.13831766,
          -0.09731822,  0.00819451],
         [-0.05053272,  0.12755805,  0.07058365, ...,  0.28787574,
          -0.02226499,  0.12428474],
         [-0.01203557,  0.11427315,  0.07892579, ..., -0.0156807 ,
           0.05000257, -0.05015434]]],


       [[[-0.0875662 , -0.00383645,  0.10617758, ...,  0.18645538,
           0.09797935,  0.18467437],
         [-0.1307348 , -0.36618692,  0.22571886, ..., -0.05875083,
          -0.00589119, -0.47964317],
         [ 0.05613882, -0.08118916,  0.15074006, ...,  0.09175041,
           0.32798186, -0.42301017],
         ...,
         [-0.41570628,  0.01570722,  0.34068173, ...,  0.02303579,
           0.19860479,  0.24699576],
         [ 0.27040538, -0.00147929, -0.09479723, ..., -0.06695248,
           0.03545414,  0.08413763],
         [ 0.00157743, -0.14828323, -0.02786524, ...,  0.05096337,
           0.01439869, -0.05738958]],

        [[-0.0413585 ,  0.2902545 ,  0.026156  , ..., -0.11793486,
          -0.26524594, -0.03043366],
         [-0.1184967 , -0.3729843 ,  0.27085325, ..., -0.48626533,
          -0.10867327, -0.5466852 ],
         [-0.13277768, -0.04282391, -0.18995063, ..., -0.53629124,
           0.01044689, -0.25702244],
         ...,
         [-0.14077206, -0.17271888, -0.33288065, ...,  0.09596734,
          -0.09156203,  0.15636289],
         [-0.02140044, -0.01520165, -0.20408028, ...,  0.1279501 ,
           0.0060478 ,  0.10982473],
         [ 0.02088325, -0.04456934,  0.0393144 , ..., -0.1567743 ,
           0.07665641,  0.0199111 ]],

        [[ 0.13924627,  0.09875495,  0.21432963, ...,  0.16850893,
          -0.14101891,  0.12288102],
         [-0.02467816, -0.2807841 ,  0.3556554 , ..., -0.40330443,
          -0.07526272, -0.7211717 ],
         [ 0.26733163, -0.02977906, -0.16825095, ..., -0.06696448,
          -0.54147595, -0.33918038],
         ...,
         [-0.07284486, -0.08588034, -0.19791555, ..., -0.22631292,
          -0.1754769 ,  0.06893776],
         [ 0.13680217, -0.01736651,  0.05248371, ...,  0.44633245,
          -0.25644827, -0.09807709],
         [ 0.04089634,  0.10342241,  0.13741285, ..., -0.14049499,
           0.09517298, -0.04278158]]],


       [[[-0.3425397 ,  0.10071027,  0.04283284, ...,  0.02118371,
          -0.10332502,  0.09859637],
         [-0.17077656, -0.17832765, -0.085536  , ...,  0.04786386,
           0.12268917, -0.13884553],
         [-0.24953605,  0.04130062, -0.03878508, ..., -0.05363636,
           0.0968048 , -0.27602613],
         ...,
         [-0.37018976, -0.14246775, -0.33103165, ..., -0.04208333,
           0.09991072, -0.18229823],
         [ 0.16637756,  0.09200229, -0.14607401, ...,  0.08900481,
          -0.06844657,  0.23325   ],
         [-0.1020763 , -0.20025256,  0.0022062 , ...,  0.04364903,
          -0.04450843,  0.15982379]],

        [[-0.08262338, -0.14335003,  0.02226344, ...,  0.04890248,
           0.00079239,  0.18450654],
         [-0.13413945, -0.05441239, -0.1605719 , ..., -0.42311645,
           0.03169372,  0.16407128],
         [-0.17629379, -0.02724199, -0.22581947, ..., -0.2911857 ,
           0.02439776, -0.15569124],
         ...,
         [-0.20116273,  0.2914405 , -0.2226296 , ..., -0.15749846,
          -0.36684397,  0.21133183],
         [ 0.03724221,  0.0092204 , -0.26330376, ..., -0.02129498,
          -0.32553172,  0.17079483],
         [-0.08269598, -0.01798548, -0.13069728, ..., -0.18994848,
           0.00964979,  0.03714707]],

        [[ 0.18627149, -0.11405414, -0.14905132, ...,  0.05672743,
           0.11063912,  0.06590466],
         [-0.20021363,  0.0049599 , -0.09770835, ...,  0.13732179,
          -0.06817191, -0.00934933],
         [ 0.2685986 ,  0.10503305, -0.31513876, ...,  0.05203415,
          -0.12412775,  0.03899248],
         ...,
         [-0.05864317,  0.10534138, -0.07439806, ..., -0.21340851,
          -0.08168174,  0.35706222],
         [ 0.08013108, -0.1043122 , -0.10323562, ...,  0.49826565,
          -0.26709828, -0.28494215],
         [ 0.04673671, -0.00745789,  0.05631979, ..., -0.00096483,
          -0.03996901,  0.11295604]]]], dtype=float32)>, <tf.Variable 'Conv2/bias:0' shape=(64,) dtype=float32, numpy=
array([ 1.5061985e-02, -7.2980851e-02,  3.8133718e-02, -1.6163749e-04,
       -4.5736946e-02, -2.3669828e-02,  5.4543789e-02, -3.4818012e-02,
       -3.3060182e-02, -1.5978616e-01, -5.0682917e-02, -3.0509781e-02,
        9.0724237e-02, -3.1482384e-02, -7.5239412e-02, -8.3861426e-02,
       -2.9805716e-02, -5.8455624e-02, -1.4329238e-01, -5.7564555e-03,
       -3.1915255e-02,  5.9443083e-02, -1.3877355e-01,  2.2453714e-02,
       -1.5127978e-01, -7.2972484e-02, -4.2291414e-02, -2.7284343e-02,
        7.0572309e-03, -3.4145705e-02,  3.7446953e-02, -4.9620904e-02,
       -2.7687991e-02,  1.0106603e-02, -3.6545765e-02, -1.2702315e-01,
        3.9335318e-02,  5.6374881e-02, -2.4928240e-02, -4.7558468e-02,
       -2.2599466e-02, -5.0673313e-02, -9.5838964e-02, -5.0574586e-02,
       -4.5606524e-02,  2.1317868e-02, -1.1885639e-01, -1.4271905e-02,
       -1.4193739e-02, -9.7851411e-02,  1.4966710e-02, -3.7661213e-02,
       -9.5302910e-02, -5.5457342e-02,  1.5201598e-01, -5.6072574e-02,
       -6.7143883e-03,  7.2059594e-02, -2.4143338e-01,  4.3438889e-02,
        7.1171768e-02, -7.2088420e-02,  4.3599036e-02, -1.5359319e-02],
      dtype=float32)>, <tf.Variable 'dense1/kernel:0' shape=(512, 64) dtype=float32, numpy=
array([[-0.16740376, -0.03049259, -0.11378345, ..., -0.09788324,
         0.05622323,  0.03421303],
       [ 0.01941165, -0.07597013, -0.18707488, ...,  0.04225102,
        -0.11254284, -0.02470787],
       [ 0.05314603, -0.12928343,  0.0604364 , ..., -0.07603339,
        -0.09474783,  0.08893313],
       ...,
       [-0.08339979,  0.07884152, -0.13552055, ..., -0.09072159,
        -0.09017026, -0.06018579],
       [-0.04589944, -0.06268895, -0.00660419, ..., -0.10640437,
        -0.00615757, -0.02753018],
       [ 0.04650424,  0.06105827,  0.05902427, ..., -0.09953219,
         0.02724753,  0.04250639]], dtype=float32)>, <tf.Variable 'dense1/bias:0' shape=(64,) dtype=float32, numpy=
array([ 0.00059021, -0.00411187, -0.01177163,  0.00532796,  0.08260465,
        0.05968401, -0.04698267,  0.13196334, -0.01941668, -0.04174655,
        0.07001997, -0.08011989, -0.0569503 , -0.02740066, -0.03141954,
        0.04402939,  0.08366543, -0.02389627,  0.02671764, -0.0031839 ,
       -0.01703283, -0.12316348, -0.0087213 ,  0.03386933, -0.01933028,
       -0.07373801,  0.0005832 , -0.03369209, -0.0431623 ,  0.12495991,
       -0.04417092, -0.00927398, -0.05003924, -0.05301251, -0.03086162,
       -0.01939356,  0.05979403, -0.06005016,  0.11524486, -0.05156403,
       -0.0122576 ,  0.03014343, -0.01903819,  0.12212043,  0.07148935,
       -0.04847953, -0.09740724, -0.02550525, -0.08461784, -0.0433225 ,
       -0.000578  ,  0.08988825, -0.06093822,  0.01785045, -0.03744317,
        0.00960353, -0.07937454, -0.00715992, -0.08860239, -0.06464575,
       -0.04041799, -0.03157479, -0.05832057, -0.02921113], dtype=float32)>, <tf.Variable 'bidirectional_6/forward_lstm_6/lstm_cell_19/kernel:0' shape=(64, 512) dtype=float32, numpy=
array([[ 0.16026685, -0.05090784, -0.11481482, ..., -0.16953377,
        -0.0798954 , -0.03844891],
       [ 0.00580188,  0.11551044,  0.05949011, ..., -0.03899655,
         0.06585444, -0.04848147],
       [-0.01695051, -0.03170803,  0.07896073, ...,  0.11537217,
        -0.10531657, -0.12443404],
       ...,
       [ 0.09212403, -0.03888667, -0.119794  , ..., -0.03608166,
         0.09139553, -0.0883494 ],
       [ 0.01078241, -0.06070657, -0.10610253, ..., -0.08314487,
        -0.11293475, -0.04528288],
       [-0.0292734 , -0.00663604, -0.13737576, ..., -0.07822141,
        -0.04214444, -0.08398115]], dtype=float32)>, <tf.Variable 'bidirectional_6/forward_lstm_6/lstm_cell_19/recurrent_kernel:0' shape=(128, 512) dtype=float32, numpy=
array([[ 0.05859083, -0.03799211, -0.2253055 , ..., -0.16057245,
         0.22617912,  0.15769924],
       [ 0.10772137,  0.00497185, -0.17227633, ...,  0.07944928,
        -0.08132171, -0.24476667],
       [-0.04826872,  0.1197779 ,  0.33647442, ...,  0.06588421,
        -0.0475343 ,  0.12107855],
       ...,
       [ 0.04415027, -0.06245492,  0.06729163, ...,  0.11027559,
         0.00825548,  0.05165032],
       [ 0.38040164, -0.02524779,  0.00463103, ..., -0.23076366,
         0.08027344,  0.3573273 ],
       [-0.22514208, -0.18888445, -0.3610694 , ...,  0.11501477,
        -0.19336493, -0.11393654]], dtype=float32)>, <tf.Variable 'bidirectional_6/forward_lstm_6/lstm_cell_19/bias:0' shape=(512,) dtype=float32, numpy=
array([ 1.09184235e-01,  7.75892660e-02, -7.72819519e-02,  1.22589394e-01,
       -1.02209859e-01,  7.40497783e-02,  1.00178607e-02, -5.60804941e-02,
       -5.42332642e-02,  3.79847325e-02,  3.51035222e-02,  7.23859444e-02,
       -5.73231988e-02, -1.29612297e-01, -4.77787666e-02,  8.68971944e-02,
        3.17922160e-02, -5.69186844e-02,  5.36605790e-02,  8.78278390e-02,
        1.51098967e-02,  2.72036716e-02, -2.91157477e-02, -4.57299780e-03,
        5.99102229e-02, -3.92959304e-02,  7.62533247e-02,  1.22582950e-02,
       -4.43629781e-03, -4.58515584e-02, -1.96838775e-03,  1.07003553e-02,
        3.38656828e-02,  9.70541406e-03,  1.00657428e-02,  2.94247478e-01,
       -1.37896100e-02,  2.40312830e-01,  4.61774945e-01, -1.81084946e-02,
        7.86160678e-02, -1.11976266e-01,  1.50385171e-01,  2.23305784e-02,
       -2.26484276e-02, -3.93024981e-02, -4.13249321e-02, -1.10244147e-01,
       -6.98156431e-02, -9.55092758e-02,  1.50797457e-01,  1.65329576e-01,
       -7.00496435e-02, -3.93539667e-03,  2.45747045e-02, -2.91492715e-02,
        1.41111225e-01,  2.48624623e-01, -3.56855132e-02,  2.06973329e-02,
        2.00375798e-03,  5.90844601e-02,  7.71593908e-03, -4.76748496e-02,
        7.56206065e-02,  7.19498959e-04,  3.03233918e-02,  1.33233339e-01,
       -2.66328026e-02,  1.44491926e-01,  4.36791405e-02,  6.79581091e-02,
        1.10060253e-04, -4.94215041e-02, -3.22332829e-02,  1.10858724e-01,
       -1.97186638e-02, -6.63059875e-02,  4.47798800e-03,  1.23978294e-01,
        1.22484975e-02,  1.15430869e-01, -3.40363607e-02,  2.91154012e-02,
       -5.14750034e-02, -2.77325623e-02,  3.00247241e-02,  4.22655135e-01,
        1.09222671e-02, -1.15283290e-02,  8.58826097e-03,  5.56016266e-02,
        1.98694199e-01,  1.64019853e-01,  1.45685539e-01,  2.35331412e-02,
       -1.58385485e-02,  1.12708090e-02, -9.03795194e-03,  3.21753807e-02,
        1.17356159e-01,  8.38505104e-02, -1.45682096e-02, -9.37585831e-02,
        8.01140890e-02,  2.56577134e-02,  1.72292031e-02,  3.33461299e-04,
       -7.37677515e-02,  4.83237386e-01, -5.22684231e-02, -3.69915329e-02,
        4.05013151e-02,  2.28028223e-01,  6.91221654e-02, -2.69418722e-03,
        1.28405578e-02,  1.28046677e-01,  1.77540794e-01,  5.61625123e-01,
        9.39545110e-02, -1.00341111e-01, -3.13250646e-02,  1.81630045e-01,
        4.08532284e-02,  5.85687123e-02,  5.30397780e-02, -7.24480301e-02,
        1.04208088e+00,  9.88309979e-01,  1.06459022e+00,  1.02826774e+00,
        1.00185668e+00,  9.57853198e-01,  1.00991714e+00,  1.03111470e+00,
        1.04724312e+00,  9.76714611e-01,  1.03455544e+00,  1.06723046e+00,
        1.03768086e+00,  1.01063752e+00,  1.02197587e+00,  1.01233554e+00,
        1.03925872e+00,  1.05391169e+00,  9.72027123e-01,  9.73382831e-01,
        1.04904258e+00,  1.02756786e+00,  9.78939414e-01,  9.89603460e-01,
        9.99545515e-01,  1.02685452e+00,  9.99450088e-01,  9.99797046e-01,
        9.90669668e-01,  1.02940845e+00,  1.05422020e+00,  1.04534495e+00,
        1.02140689e+00,  9.71136034e-01,  1.03215194e+00,  1.02122974e+00,
        9.73288536e-01,  1.02154577e+00,  1.01851952e+00,  9.86364722e-01,
        8.96011114e-01,  9.89034891e-01,  9.49636042e-01,  9.77956533e-01,
        1.04066086e+00,  1.01068437e+00,  1.03115773e+00,  1.04526520e+00,
        1.03096151e+00,  1.05816829e+00,  1.01477337e+00,  9.91201878e-01,
        1.04455566e+00,  1.01816285e+00,  1.04018331e+00,  9.27503884e-01,
        9.47369933e-01,  1.06520605e+00,  1.05409825e+00,  1.02738571e+00,
        1.02273154e+00,  9.67270851e-01,  1.01829243e+00,  1.06560731e+00,
        9.33513463e-01,  1.00576556e+00,  9.98328149e-01,  9.74533021e-01,
        1.01180196e+00,  1.00800788e+00,  9.60831046e-01,  8.91375184e-01,
        1.02315450e+00,  1.03160882e+00,  9.61175799e-01,  1.01271963e+00,
        1.01849329e+00,  1.01969135e+00,  1.06820917e+00,  1.01940215e+00,
        9.40841258e-01,  1.01480865e+00,  1.06260550e+00,  9.66400623e-01,
        9.99191225e-01,  9.66921449e-01,  9.56216216e-01,  1.01870418e+00,
        1.03753161e+00,  1.02686763e+00,  1.02198875e+00,  9.42287624e-01,
        9.25231040e-01,  9.91844654e-01,  1.03174889e+00,  1.02947235e+00,
        1.05051363e+00,  9.10925448e-01,  1.00151360e+00,  1.02487910e+00,
        9.51194167e-01,  9.86620605e-01,  1.00779366e+00,  1.01559711e+00,
        1.05632794e+00,  1.04509842e+00,  1.04132068e+00,  1.04433310e+00,
        1.06577349e+00,  1.01479924e+00,  9.75050628e-01,  1.02748263e+00,
        1.02004051e+00,  1.02263308e+00,  1.02005637e+00,  9.69886243e-01,
        1.01519418e+00,  1.02435291e+00,  1.01798546e+00,  1.01498461e+00,
        1.03231776e+00,  1.03056777e+00,  8.92804682e-01,  1.02589118e+00,
        1.02789772e+00,  1.01738763e+00,  9.83584881e-01,  1.08088112e+00,
        6.84424192e-02,  1.03458650e-01, -1.36370435e-02, -9.72652994e-03,
        3.88156660e-02, -3.51268649e-02, -7.20671713e-02, -8.76599550e-03,
        2.45180838e-02, -2.27961093e-02, -2.50136163e-02, -3.27551544e-01,
       -3.27772126e-02,  1.69581939e-02, -2.34265067e-02, -2.23065689e-01,
       -8.01114962e-02, -1.26032025e-01, -3.22273001e-02, -1.55400541e-02,
        1.23710325e-02, -3.91449183e-02, -3.61288600e-02,  2.30664119e-01,
        1.49090827e-01, -1.48161789e-02, -2.44135648e-01, -2.92149233e-03,
       -8.50414950e-03, -2.72763558e-02, -3.63175548e-03,  1.24340393e-01,
       -2.48027258e-02, -1.50599837e-01,  3.37038911e-03, -4.13211852e-01,
        1.02480575e-01, -3.50585014e-01,  3.98055583e-01,  1.09545840e-03,
       -2.39709735e-01,  1.74974110e-02, -1.90726668e-02,  4.26065177e-02,
        7.08309710e-02, -5.16726784e-02, -3.40705402e-02,  1.98948402e-02,
        1.45773571e-02, -3.42167504e-02, -4.05522250e-02, -1.23909235e-01,
        6.06712773e-02, -3.98919955e-02, -6.25133663e-02, -8.48911181e-02,
       -6.41502678e-01, -2.87657320e-01, -4.71351445e-02,  4.74093854e-02,
       -2.60126237e-02,  4.34501544e-02, -6.63875043e-02, -8.93713981e-02,
        5.62141687e-02,  2.86946371e-02,  6.83130249e-02,  4.21736501e-02,
       -3.68603952e-02, -3.98743451e-02, -7.53388032e-02,  7.33787268e-02,
        1.76140312e-02,  1.70790090e-03, -5.83084859e-02, -5.71168773e-02,
       -2.53427345e-02, -1.12428460e-02,  6.41290694e-02, -8.78611878e-02,
        6.19266331e-02, -4.43966081e-03,  1.53020015e-02,  1.87056791e-03,
        3.32916668e-03,  8.75743572e-03, -3.52033637e-02,  6.21830532e-03,
       -4.02583852e-02,  6.34014979e-02, -3.77160087e-02,  2.10774653e-02,
        1.00203484e-01, -1.74550682e-01, -9.44437832e-02, -5.12640886e-02,
       -1.83827188e-02, -4.75011468e-02, -3.73395383e-02, -1.11099938e-02,
       -4.62872572e-02, -3.41189146e-01,  6.66309074e-02, -1.98008809e-02,
       -2.08011493e-01,  5.21603301e-02,  2.56003290e-02,  3.31813470e-02,
       -6.63288757e-02, -9.29002464e-02, -4.53038653e-03, -3.50768827e-02,
        5.84879592e-02,  1.56682298e-01,  1.53730512e-01, -9.39052850e-02,
       -1.41077161e-01, -2.72405148e-01,  5.29609993e-02,  1.98940381e-01,
       -6.76694559e-03, -1.87793225e-02,  9.68745202e-02, -5.90081774e-02,
        3.16334330e-02,  5.36560128e-03,  1.27338514e-01, -6.30915388e-02,
        1.82519201e-02,  1.46983251e-01, -5.53789735e-02, -3.48383114e-02,
       -2.48688757e-02, -1.46129485e-02,  3.72573249e-02, -9.66646299e-02,
        1.25244781e-01, -1.15084551e-01,  1.32289808e-02,  3.61166447e-02,
       -6.62862733e-02, -4.18345183e-02, -8.30918476e-02,  6.04472086e-02,
       -5.68303727e-02, -5.16044647e-02,  1.39578670e-01, -6.31274581e-02,
       -2.00949535e-02, -1.05638824e-01,  7.22224778e-03,  8.16949680e-02,
        3.65091041e-02, -3.57386693e-02,  3.52413565e-01, -8.91891569e-02,
        1.33973267e-02,  3.72804590e-02, -2.61312462e-02, -2.57085264e-02,
       -9.60920975e-02, -9.13968906e-02, -5.41893467e-02,  5.97324073e-01,
       -5.94498254e-02,  2.60742195e-02,  3.01525682e-01, -9.14017484e-02,
        4.17342689e-03, -5.17594963e-02,  1.03973411e-01,  7.38035748e-03,
        2.18958557e-02, -1.60785876e-02, -8.80134478e-02,  1.73487253e-02,
       -1.87740140e-02,  2.91579124e-02,  3.61047648e-02,  2.36232609e-01,
        2.79754754e-02, -3.46672311e-02, -5.20080794e-03,  1.34975776e-01,
        1.81598768e-01,  1.95579305e-02,  5.65041713e-02, -2.30034422e-02,
       -2.12561116e-02, -6.02135807e-03, -1.12120979e-01, -5.01929633e-02,
        3.50663625e-02, -1.14677660e-01,  4.78009181e-03,  9.06496793e-02,
       -1.93524230e-02,  1.02094319e-02, -5.01146726e-02,  4.77825105e-02,
       -3.99108268e-02, -7.30303004e-02, -4.72296290e-02,  7.96371773e-02,
       -2.16830410e-02, -7.87446089e-03,  1.17473342e-01, -5.15468419e-02,
       -5.41210510e-02, -5.10362536e-02, -2.67088786e-02, -5.64225465e-02,
        6.60746768e-02, -5.66020608e-03,  3.23482696e-03, -4.24973154e-03,
       -2.72024870e-02, -7.85170570e-02, -7.60082155e-02,  1.74550340e-02,
        4.55824256e-01,  6.44492358e-02,  4.65562753e-02, -1.17778532e-01,
       -1.61776900e-01,  1.31539539e-01, -1.08671300e-01, -7.97488540e-02,
        6.51766956e-02,  1.72965676e-02,  2.93710139e-02, -3.62935886e-02,
        7.15311617e-02, -3.42971622e-03,  4.38883752e-02, -1.72449481e-02,
       -9.98142269e-03,  1.81998163e-01, -4.69206609e-02, -1.25823244e-01,
       -8.00843537e-02,  4.19516750e-02,  4.72043045e-02, -5.18590845e-02,
       -7.95831308e-02,  1.41412597e-02,  3.73888090e-02,  1.40086547e-01,
       -1.80822727e-03, -1.67380609e-02, -1.28842205e-01, -1.81550477e-02,
       -2.49833241e-02, -8.33793655e-02,  1.54862809e-03, -3.26311961e-02],
      dtype=float32)>, <tf.Variable 'bidirectional_6/backward_lstm_6/lstm_cell_20/kernel:0' shape=(64, 512) dtype=float32, numpy=
array([[ 0.10852161, -0.16573092, -0.10574512, ...,  0.14944486,
        -0.3579656 ,  0.10405426],
       [ 0.08438886, -0.12465775,  0.09717195, ...,  0.08817088,
         0.03090374, -0.07220858],
       [-0.00344577, -0.09607998, -0.26914352, ...,  0.02890492,
        -0.28075647,  0.15575707],
       ...,
       [ 0.03724718, -0.08880979,  0.08137341, ...,  0.03556263,
        -0.0337686 , -0.1032774 ],
       [ 0.02595748, -0.08395021, -0.07147853, ...,  0.06620817,
         0.1103868 ,  0.05851466],
       [-0.02441609,  0.07569483, -0.09595519, ..., -0.0787213 ,
        -0.38505867, -0.04272272]], dtype=float32)>, <tf.Variable 'bidirectional_6/backward_lstm_6/lstm_cell_20/recurrent_kernel:0' shape=(128, 512) dtype=float32, numpy=
array([[ 0.17259194,  0.13224332, -0.20974685, ..., -0.06677316,
        -0.09638473,  0.03563213],
       [ 0.1697375 ,  0.21200342, -0.0621283 , ..., -0.00854566,
         0.0718488 , -0.12574291],
       [-0.18112487, -0.13576122,  0.14527738, ...,  0.05432397,
         0.03943847,  0.03267518],
       ...,
       [ 0.08195341,  0.19646323,  0.07847187, ..., -0.05346192,
        -0.03974609,  0.20749415],
       [ 0.02754902,  0.22906019,  0.1428847 , ...,  0.01092241,
        -0.23451914, -0.06744613],
       [-0.01943159,  0.03972645,  0.03702239, ..., -0.13113035,
         0.25500673,  0.01415838]], dtype=float32)>, <tf.Variable 'bidirectional_6/backward_lstm_6/lstm_cell_20/bias:0' shape=(512,) dtype=float32, numpy=
array([ 4.40510176e-02, -1.86272547e-01, -9.78907272e-02,  6.88197538e-02,
        1.00768231e-01, -4.42063296e-03,  8.40818509e-02,  5.02547212e-02,
       -1.71892568e-01,  1.32089909e-02, -1.08610280e-01, -1.07091710e-01,
       -2.52067856e-02, -1.98030565e-02,  8.73362646e-03, -6.04569446e-03,
       -6.79013729e-02, -1.99724436e-01, -5.50241582e-02, -5.52167520e-02,
        1.73583236e-02,  4.70359288e-02,  1.68668017e-01, -1.60518572e-01,
       -2.35973094e-02,  3.15391133e-03, -1.09374464e-01, -1.91336088e-02,
       -1.31103382e-01,  5.79587258e-02, -1.71106368e-01, -8.85697529e-02,
        5.91608044e-03, -3.46493199e-02, -1.26643106e-01, -4.75243926e-02,
       -1.03824273e-01, -1.60023719e-01, -2.47031674e-02,  8.84645618e-03,
        1.45163955e-02, -4.91175912e-02, -1.18583636e-02, -1.17312036e-01,
        1.15356907e-01, -4.14397120e-02, -6.57945946e-02, -4.85717021e-02,
       -1.36037856e-01, -7.12771118e-02,  2.13995073e-02,  2.55472399e-03,
       -4.57349494e-02, -1.24861903e-01, -1.20125085e-01, -1.04780287e-01,
       -5.00633977e-02,  1.08151948e-02, -5.86349368e-02, -1.27743185e-01,
       -1.64976612e-01, -1.49068415e-01, -1.45484596e-01,  1.18969288e-02,
       -4.26973440e-02, -2.86531243e-02,  1.80927068e-02,  7.36704692e-02,
       -5.63727133e-02, -5.58809116e-02,  5.78584755e-03, -4.05199081e-02,
       -1.67479157e-01,  2.71105655e-02,  1.36684170e-02, -1.08958438e-01,
       -1.71438213e-02,  5.65502159e-02, -2.90864706e-02, -1.01403989e-01,
       -1.22527935e-01,  1.10728573e-02, -6.94123507e-02, -8.55341181e-02,
        6.82530031e-02, -3.43936048e-02, -8.09091050e-03, -4.17585932e-02,
       -1.42088145e-01, -4.05301042e-02, -1.25938669e-01,  1.96079840e-03,
       -1.69254017e-05,  2.84429416e-02,  1.74068622e-02, -7.64076924e-03,
       -1.69002905e-01, -1.58660356e-02, -4.76807319e-02, -7.10732490e-02,
       -1.99355841e-01, -1.49551794e-01, -1.03685692e-01, -8.66106153e-02,
       -1.10021986e-01, -1.61916912e-02, -1.90370828e-02, -5.75151071e-02,
       -9.46670771e-02, -7.64655918e-02, -2.22140942e-02, -1.82449356e-01,
       -3.73854749e-02,  8.89811013e-03, -3.57197151e-02, -6.73299506e-02,
       -1.35920886e-02,  7.63606280e-02, -8.59903395e-02,  7.39360228e-03,
       -9.35132056e-02, -2.01896001e-02, -6.28912821e-02, -7.48906434e-02,
       -1.83450311e-01, -5.67506589e-02, -5.86170740e-02, -7.67087862e-02,
        9.98553574e-01,  1.07011795e+00,  9.93277371e-01,  1.07794821e+00,
        1.07558906e+00,  1.02123010e+00,  9.08969104e-01,  9.16527629e-01,
        1.07474482e+00,  9.81282115e-01,  1.09648013e+00,  9.75151241e-01,
        9.02267694e-01,  9.66030955e-01,  9.31011438e-01,  1.04653692e+00,
        1.02718627e+00,  9.72503543e-01,  1.02124667e+00,  9.83850777e-01,
        1.07804346e+00,  1.03460503e+00,  1.05496955e+00,  1.03999257e+00,
        9.92828548e-01,  9.59482610e-01,  9.57096338e-01,  1.04707432e+00,
        1.11583221e+00,  1.10842776e+00,  9.94745553e-01,  9.63491559e-01,
        1.00494051e+00,  1.04221952e+00,  1.02263987e+00,  9.65598404e-01,
        1.11614811e+00,  1.02869689e+00,  1.04384482e+00,  1.01357329e+00,
        1.02274036e+00,  9.60837543e-01,  1.07621229e+00,  1.02110493e+00,
        9.38006043e-01,  9.67209578e-01,  9.98365998e-01,  9.98259664e-01,
        1.04210377e+00,  1.03813052e+00,  1.05737865e+00,  1.02227223e+00,
        1.03749335e+00,  1.05643106e+00,  1.00675058e+00,  1.05566359e+00,
        9.39809144e-01,  1.04876375e+00,  8.92561913e-01,  1.03698123e+00,
        9.70030844e-01,  9.54197168e-01,  9.96210933e-01,  1.06215823e+00,
        9.05975699e-01,  9.47596848e-01,  1.09294319e+00,  9.20791507e-01,
        1.09982419e+00,  1.07201266e+00,  1.07913554e+00,  1.03359818e+00,
        1.09214163e+00,  1.05190837e+00,  9.48143721e-01,  1.01671314e+00,
        1.00508916e+00,  1.03216696e+00,  1.09535801e+00,  1.09826910e+00,
        1.03762710e+00,  8.94972801e-01,  9.54546273e-01,  9.77455676e-01,
        1.07907522e+00,  1.02362740e+00,  9.42879915e-01,  1.00306416e+00,
        1.02094734e+00,  9.50206220e-01,  1.07085240e+00,  9.51210201e-01,
        1.04239058e+00,  8.42242479e-01,  9.73794937e-01,  8.55557144e-01,
        9.78094816e-01,  1.04064536e+00,  9.75603878e-01,  1.02027011e+00,
        9.35751498e-01,  1.10669994e+00,  9.57660735e-01,  1.05746770e+00,
        1.00667155e+00,  9.72972810e-01,  1.01042342e+00,  1.04966259e+00,
        9.96513546e-01,  9.88059223e-01,  9.70018685e-01,  1.00337493e+00,
        9.84247148e-01,  1.01190674e+00,  9.57357824e-01,  1.07485461e+00,
        9.77648020e-01,  1.04194689e+00,  9.63554800e-01,  9.93057668e-01,
        9.89857137e-01,  9.79459941e-01,  8.97445917e-01,  9.80064034e-01,
        1.00409293e+00,  1.01489186e+00,  1.06598616e+00,  1.04952455e+00,
       -1.71259362e-02,  1.84019618e-02,  4.10228372e-02, -1.06830105e-01,
       -1.26745880e-01, -8.03120956e-02,  8.33719969e-03,  7.66173229e-02,
       -1.74503718e-02,  3.82143911e-03,  4.43755426e-02, -1.41044352e-02,
       -2.65488606e-02,  3.94312181e-02, -5.76440431e-02, -1.78478822e-01,
       -2.08024476e-02, -7.30488915e-04, -3.21766064e-02,  1.59764402e-02,
        9.36307460e-02, -5.24364971e-03, -4.58525419e-02,  4.93640825e-03,
        1.92927495e-02, -6.68509007e-02, -6.45025000e-02, -3.43731716e-02,
       -6.05103746e-02,  4.76664864e-02, -8.22220556e-03,  4.23688106e-02,
       -8.55588447e-03,  7.32930203e-04, -9.67204664e-03,  1.33198246e-01,
       -1.64237134e-02, -2.86732502e-02, -3.30593511e-02, -5.51556423e-02,
       -2.14968491e-02, -2.58548688e-02,  2.48702858e-02, -5.91439717e-02,
        1.53471828e-01, -1.66010503e-02,  2.85195559e-02,  1.93947665e-02,
        5.36493375e-04, -8.44096672e-03,  4.93060872e-02, -3.09497733e-02,
        3.70808020e-02, -3.40836868e-02, -5.17213605e-02,  5.50096706e-02,
       -1.16286110e-02,  5.88381067e-02, -9.06618405e-03, -2.76403781e-03,
        1.58603005e-02, -3.58323120e-02,  6.08959422e-02,  5.63150384e-02,
        5.13701104e-02,  2.92889774e-03, -9.12018865e-03,  4.53351848e-02,
       -3.27020884e-02,  3.78274806e-02,  8.01828131e-02, -1.41019998e-02,
        2.55446974e-02, -4.58353311e-02,  1.22421227e-01, -1.62954554e-02,
       -2.99774241e-02,  1.33092955e-01,  3.10749002e-02, -5.18617742e-02,
        2.18575634e-02,  8.87165815e-02,  9.55467112e-03, -8.24511871e-02,
       -1.23512186e-01,  3.93260736e-03, -2.76130196e-02,  2.15792749e-02,
       -6.72353655e-02,  1.14734329e-01, -3.35690789e-02, -6.17849790e-02,
        3.86125296e-02, -2.25994978e-02,  1.83636658e-02,  1.52252829e-02,
       -3.58820483e-02,  2.24476382e-02, -1.92997456e-02,  8.15048814e-03,
       -7.32066706e-02, -8.80123954e-03, -4.34138849e-02,  7.12041259e-02,
       -6.63508773e-02,  2.85089202e-02, -2.96600759e-02,  1.56934615e-02,
       -1.17285270e-03,  6.67162286e-03, -3.70500982e-02, -1.59708783e-02,
        3.89838442e-02, -4.87155840e-02,  3.94327082e-02,  2.00711302e-02,
       -2.01094570e-03,  3.95740345e-02, -2.77506467e-02, -1.11965870e-03,
       -3.57550234e-02,  6.65682927e-02, -1.08872987e-01,  6.64258897e-02,
        3.19535732e-02, -7.30822086e-02, -2.86424384e-02, -4.44401335e-03,
        6.88457787e-02, -6.53444231e-02, -1.80906407e-03, -3.08484659e-02,
        2.98252255e-02, -1.18289769e-01,  1.62848711e-01,  1.63264319e-01,
       -3.26651596e-02, -7.38777816e-02, -2.12955773e-02,  3.27527523e-02,
        1.49757385e-01,  1.04268290e-01,  4.00977693e-02, -6.38514012e-02,
       -6.65085837e-02, -1.12541802e-01, -8.69867802e-02,  1.09379321e-01,
       -1.27069717e-02,  4.42252345e-02, -8.93502235e-02, -7.41154775e-02,
        8.59395117e-02,  4.17624675e-02, -4.69687246e-02,  4.45339875e-03,
       -6.78048432e-02, -4.94942032e-02, -1.51231065e-01, -5.78705333e-02,
       -5.29814102e-02,  8.11535493e-02, -2.88794748e-02,  9.31435730e-03,
       -1.02787763e-01,  6.10757247e-02, -8.89190137e-02, -1.40784308e-01,
        5.86309172e-02,  3.57603393e-02, -1.28923759e-01,  2.54702028e-02,
       -1.19235128e-01, -4.34666537e-02, -3.98830771e-02,  9.73269492e-02,
       -5.44877015e-02, -6.56717941e-02, -3.70493084e-02,  1.17944600e-02,
       -2.36342885e-02,  2.95140073e-02,  3.00311968e-02, -1.38577610e-01,
       -2.23130677e-02, -6.21848591e-02,  5.08448444e-02, -1.60242673e-02,
       -8.39010812e-03,  3.74040864e-02, -1.65900756e-02, -1.32072657e-01,
        4.23190854e-02,  3.86702782e-03, -7.95028582e-02, -1.68625098e-02,
       -1.16383299e-01, -3.07651740e-02, -1.16653822e-01,  9.00406241e-02,
       -1.06015891e-01, -1.02237895e-01,  7.72480592e-02, -5.89134432e-02,
       -4.08146642e-02, -9.75776166e-02, -8.59857425e-02, -2.07190607e-02,
       -1.14646740e-02, -1.13936096e-01, -5.98301739e-02, -1.14121474e-01,
       -1.28082093e-02,  7.82574043e-02,  4.37815934e-02,  8.92266724e-03,
       -6.55061740e-04,  6.36394843e-02, -4.63467352e-02,  1.50659233e-01,
       -7.34358467e-03,  3.28120030e-02,  7.01217279e-02,  2.97945719e-02,
        1.78684387e-02, -8.88676848e-03, -1.11753508e-01, -3.45803015e-02,
        2.11888403e-02, -9.76571962e-02,  1.04243070e-01, -1.31804913e-01,
       -3.75600979e-02,  2.37657782e-02, -2.33086776e-02, -3.16103064e-02,
       -3.55569609e-02,  4.48201224e-03,  9.64590982e-02, -2.99230893e-03,
        1.30728662e-01,  1.91495810e-02,  1.20539270e-01, -3.83750461e-02,
       -4.03983220e-02, -5.32578640e-02,  1.22101223e-02,  7.39356549e-03,
       -4.18043770e-02, -1.07111763e-02, -1.70573115e-01, -9.33133215e-02,
       -3.18711065e-02,  4.33845185e-02, -3.42240669e-02,  1.48758203e-01],
      dtype=float32)>, <tf.Variable 'bidirectional_7/forward_lstm_7/lstm_cell_22/kernel:0' shape=(256, 256) dtype=float32, numpy=
array([[ 0.02522363,  0.00290293,  0.02221664, ..., -0.09414019,
        -0.1532889 ,  0.09565844],
       [ 0.07638925,  0.0810236 , -0.04181418, ..., -0.02812206,
        -0.19082941, -0.03025218],
       [ 0.3035552 ,  0.09232221,  0.06763375, ..., -0.03748851,
         0.1042188 , -0.03803841],
       ...,
       [-0.15872093, -0.16771504, -0.12131004, ...,  0.20299096,
        -0.02235807, -0.20399436],
       [-0.26404962, -0.10241976, -0.05873674, ..., -0.28602713,
        -0.15650596,  0.01997454],
       [-0.12715349,  0.02241977, -0.08629056, ...,  0.02345859,
         0.15867203,  0.15657659]], dtype=float32)>, <tf.Variable 'bidirectional_7/forward_lstm_7/lstm_cell_22/recurrent_kernel:0' shape=(64, 256) dtype=float32, numpy=
array([[ 0.21256514,  0.13777025,  0.04685536, ..., -0.01633273,
        -0.24127495, -0.2248433 ],
       [ 0.22647506, -0.17236131,  0.05561212, ...,  0.16804488,
         0.0784956 ,  0.15495573],
       [ 0.06805351,  0.06014328, -0.0389605 , ..., -0.01358305,
        -0.00531935, -0.10497447],
       ...,
       [-0.02059091,  0.05076074,  0.05789467, ..., -0.12802942,
         0.08328019,  0.05775933],
       [-0.1719841 , -0.10093441,  0.02051304, ..., -0.01069611,
         0.01980467, -0.16437577],
       [ 0.16049324,  0.04592117, -0.13617036, ...,  0.25798482,
         0.02906075, -0.27983674]], dtype=float32)>, <tf.Variable 'bidirectional_7/forward_lstm_7/lstm_cell_22/bias:0' shape=(256,) dtype=float32, numpy=
array([ 9.27902311e-02,  4.07041982e-02,  1.22530803e-01,  2.55514443e-01,
        4.23746221e-02,  1.04947403e-01,  4.21372578e-02,  4.91468795e-02,
        4.94676605e-02,  4.95462678e-02,  1.04528636e-01,  6.78596050e-02,
        1.35102972e-01,  1.08010925e-01,  7.32750669e-02,  1.08129583e-01,
        2.99953353e-02,  4.59338687e-02,  3.55054438e-02,  1.23827875e-01,
       -3.46410498e-02,  8.28635320e-02,  1.08097643e-01,  1.07938059e-01,
        9.76415277e-02,  6.32479191e-02,  1.99115798e-02,  1.19716942e-01,
        4.90143662e-03,  4.59336489e-02,  5.03053293e-02,  1.16140805e-01,
        8.27887189e-03,  1.26751587e-01,  6.91562891e-03,  1.08307011e-01,
        2.75645345e-01, -7.97944888e-03,  7.82411546e-02,  9.19907764e-02,
        3.05139143e-02,  5.50884530e-02,  5.58147244e-02,  1.35394754e-02,
        2.31167585e-01,  1.62435025e-01,  5.30620143e-02, -1.00730872e-02,
        2.10873354e-02,  1.08738624e-01,  5.98348193e-02,  8.75525475e-02,
        6.51470795e-02,  5.47965057e-03,  3.28580812e-02,  3.54558006e-02,
       -4.88534290e-03,  5.29317819e-02,  1.35428414e-01,  7.40828961e-02,
        1.56721219e-01,  1.01085395e-01,  1.13185808e-01,  8.97252038e-02,
        9.39049542e-01,  1.01500440e+00,  1.02145803e+00,  9.95614529e-01,
        1.01055348e+00,  9.81863499e-01,  9.77430761e-01,  9.93133485e-01,
        1.00422525e+00,  1.00981247e+00,  9.84014273e-01,  1.01532900e+00,
        9.84796166e-01,  9.77121353e-01,  1.04952526e+00,  1.00973022e+00,
        9.10920620e-01,  9.66706634e-01,  9.64205623e-01,  1.01279473e+00,
        1.03275013e+00,  9.80703533e-01,  1.02729428e+00,  1.01430273e+00,
        9.93524194e-01,  1.01173580e+00,  9.96527433e-01,  9.59805787e-01,
        1.01281643e+00,  1.02060950e+00,  9.84353185e-01,  1.02009404e+00,
        1.01951873e+00,  9.71482575e-01,  1.02091968e+00,  1.01124907e+00,
        8.79408598e-01,  1.00337517e+00,  1.01144207e+00,  1.04417956e+00,
        1.01918161e+00,  1.01474679e+00,  1.01386106e+00,  1.02749777e+00,
        9.81547952e-01,  9.38204765e-01,  1.00657916e+00,  1.00521147e+00,
        1.02991736e+00,  9.98839855e-01,  1.00386071e+00,  1.01794600e+00,
        9.95819390e-01,  1.05526924e+00,  1.01547527e+00,  1.01172090e+00,
        1.02246308e+00,  1.01341558e+00,  9.88431990e-01,  1.02267885e+00,
        9.63909507e-01,  1.02863681e+00,  1.00496590e+00,  1.03162587e+00,
        2.03301311e-02,  1.31728360e-02,  7.25046964e-03,  8.88039917e-03,
       -2.97970488e-03,  2.32987218e-02,  3.74293514e-02, -5.37658436e-03,
       -1.83089066e-03,  8.17146897e-02,  2.82157417e-02,  1.77556574e-02,
        3.34077701e-02,  2.96400115e-02, -3.60522754e-02,  2.21339464e-02,
        2.24804208e-02, -2.73586418e-02, -1.61235256e-03,  3.33609693e-02,
        5.39647825e-02, -9.63536499e-04,  2.83616642e-03, -6.44133687e-02,
        3.33916470e-02, -4.47717793e-02,  3.36476341e-02, -3.78707908e-02,
        2.81767119e-02,  4.41998728e-02, -5.19450242e-03,  1.38408272e-03,
        4.95797198e-04,  2.35827286e-02, -2.31137928e-02,  3.84738669e-02,
       -2.24256795e-02,  1.84262432e-02,  5.29265206e-04,  4.32692245e-02,
        2.51255520e-02, -3.73452008e-02, -2.12851614e-02, -1.98944584e-02,
       -5.23336791e-02,  2.80742534e-02, -9.90721118e-03, -1.25877419e-02,
       -2.82529425e-02, -7.86899682e-03,  6.26181513e-02, -1.67656820e-02,
       -1.70856789e-02, -4.74455170e-02,  7.77938543e-03, -6.21157885e-03,
       -3.26452181e-02, -1.58904623e-02,  4.80616242e-02,  1.11573087e-02,
        3.10543529e-03,  9.55130532e-03, -1.89534146e-02, -8.96178931e-02,
        1.54389456e-01,  6.83369488e-02,  3.67356464e-02,  1.65635318e-01,
        7.30496645e-02,  1.05809279e-01,  1.80733502e-01,  5.02163172e-02,
        8.53081271e-02,  1.06382407e-01,  5.10546155e-02,  4.40963246e-02,
        2.83888549e-01,  6.72611669e-02,  5.25083095e-02,  9.56477895e-02,
        1.01944111e-01,  9.40464810e-03,  1.13289461e-01,  6.53665885e-02,
        4.59235907e-02,  9.60410312e-02,  7.96435997e-02, -2.49549989e-02,
        4.91144396e-02,  4.21927646e-02,  3.53296474e-02,  9.49198082e-02,
        3.40965837e-02,  5.00426553e-02,  9.40203518e-02,  3.11248358e-02,
       -7.12682605e-02,  1.22859284e-01,  2.07090117e-02,  5.63666299e-02,
        1.61065385e-01,  4.82999422e-02,  5.82941845e-02, -7.96480803e-04,
        8.38172585e-02,  2.83253305e-02,  6.36147931e-02,  4.92592528e-02,
        1.80558473e-01,  1.44533917e-01,  5.16745709e-02, -4.94417138e-02,
        5.87688573e-02,  9.90914628e-02,  1.48016298e-02,  1.51637778e-01,
        8.89380649e-02,  8.87794569e-02, -2.28552762e-02, -1.06726531e-02,
        2.28335503e-02,  1.29846588e-01,  1.56861797e-01,  3.31875570e-02,
        4.39261049e-02,  6.06281608e-02,  3.52406725e-02,  5.23966178e-03],
      dtype=float32)>, <tf.Variable 'bidirectional_7/backward_lstm_7/lstm_cell_23/kernel:0' shape=(256, 256) dtype=float32, numpy=
array([[-0.06468756, -0.00406772,  0.07164729, ..., -0.16691627,
         0.00429627, -0.02539946],
       [ 0.00514318,  0.01925618, -0.12153396, ...,  0.45127082,
        -0.08013301, -0.0730112 ],
       [ 0.28699756,  0.0926785 ,  0.0400218 , ..., -0.16272326,
         0.21554437, -0.0753639 ],
       ...,
       [ 0.00491768, -0.08879603,  0.06280968, ..., -0.03870537,
        -0.14656697, -0.05780889],
       [ 0.2709594 , -0.04949298, -0.1897843 , ..., -0.20869435,
         0.17080528, -0.33324605],
       [-0.01452071,  0.0489509 ,  0.0600232 , ...,  0.30650836,
        -0.21908875, -0.06538158]], dtype=float32)>, <tf.Variable 'bidirectional_7/backward_lstm_7/lstm_cell_23/recurrent_kernel:0' shape=(64, 256) dtype=float32, numpy=
array([[ 0.11747934,  0.10436159,  0.07098567, ..., -0.1834064 ,
        -0.21827227, -0.22225374],
       [ 0.01067288, -0.05401407, -0.02017366, ..., -0.02634524,
        -0.00269562,  0.13785551],
       [-0.10312659, -0.04889638, -0.20463894, ...,  0.06014398,
         0.01576661, -0.04825323],
       ...,
       [-0.15417828,  0.0360265 ,  0.03618056, ...,  0.8267594 ,
        -0.47855788, -0.00273858],
       [-0.29121518,  0.02777739,  0.08484455, ...,  0.03823397,
        -0.12971038, -0.06090235],
       [-0.33721697, -0.0681874 , -0.03282218, ...,  0.12897931,
        -0.06414273,  0.13023937]], dtype=float32)>, <tf.Variable 'bidirectional_7/backward_lstm_7/lstm_cell_23/bias:0' shape=(256,) dtype=float32, numpy=
array([ 3.48991938e-02,  4.18899208e-02,  2.72448491e-02, -8.35117884e-03,
        2.35691462e-02,  2.94993408e-02,  2.07367335e-02,  2.57817823e-02,
        6.86636791e-02, -1.26254652e-03,  8.25062767e-03,  1.07486032e-01,
        8.15440416e-02,  2.98791751e-02,  4.42095660e-02,  7.36622605e-03,
        2.62666401e-02,  3.57097201e-02,  1.85594019e-02,  1.08178053e-02,
       -1.06799733e-02,  4.54522818e-02, -1.39848067e-04, -2.47081909e-02,
        4.74606976e-02,  1.53116733e-02,  2.20865700e-02,  1.03250809e-03,
       -3.46353054e-02,  1.20975927e-01,  2.68254299e-02,  3.57933454e-02,
        1.14044463e-02,  3.76305580e-02,  2.53726393e-02, -5.77154718e-02,
        5.51413484e-02,  3.82993408e-02, -5.07583795e-03,  3.80566679e-02,
        3.22459601e-02, -1.93309877e-03, -2.90285330e-02,  5.37635423e-02,
        7.02718645e-02,  3.69521268e-02,  3.09878550e-02,  2.48690732e-02,
        6.95388019e-02,  5.32280281e-02,  3.70034166e-02,  5.26783019e-02,
        9.73113030e-02,  3.97644602e-02,  4.21750546e-02,  4.65343855e-02,
        3.69828083e-02, -5.14862034e-03,  2.28215214e-02,  2.90619042e-02,
       -4.44547869e-02,  4.70682904e-02,  3.42602395e-02,  1.31458724e-02,
        1.01352000e+00,  1.00045192e+00,  1.00990403e+00,  1.00648308e+00,
        1.02055240e+00,  9.49881375e-01,  1.00399101e+00,  9.24203455e-01,
        9.87024665e-01,  9.99191046e-01,  1.03199697e+00,  9.30741489e-01,
        9.79578912e-01,  9.84868109e-01,  9.77268398e-01,  1.01586986e+00,
        9.70256746e-01,  1.00521171e+00,  1.01741648e+00,  1.04840457e+00,
        9.91268039e-01,  1.03954971e+00,  9.82325673e-01,  1.01505208e+00,
        9.50677276e-01,  1.01703632e+00,  1.00619471e+00,  1.01473534e+00,
        9.61763740e-01,  1.03682601e+00,  1.03083181e+00,  1.02160239e+00,
        1.03527069e+00,  1.05987573e+00,  1.01565719e+00,  9.86391127e-01,
        9.94242013e-01,  9.78268147e-01,  9.85767663e-01,  9.98395920e-01,
        1.02534235e+00,  1.00982702e+00,  9.90006268e-01,  1.03761137e+00,
        1.00778604e+00,  9.56414223e-01,  9.88867998e-01,  1.01671422e+00,
        1.02091873e+00,  9.76527870e-01,  1.02508593e+00,  1.02312815e+00,
        9.40428257e-01,  9.80556250e-01,  1.01920426e+00,  1.02843118e+00,
        9.78401005e-01,  9.90536869e-01,  9.70957994e-01,  9.77178156e-01,
        1.03261995e+00,  1.02142096e+00,  1.00707698e+00,  9.79223251e-01,
        2.66326368e-02,  1.05493627e-02, -7.40657514e-03,  1.23147145e-02,
        7.51009537e-03, -1.11569799e-02,  4.05074544e-02,  1.84382964e-02,
       -4.75545898e-02,  7.15213502e-03, -2.98082475e-02, -1.34125575e-02,
       -5.39072417e-02, -1.57279018e-02, -5.66634759e-02, -2.56506968e-02,
       -2.47777831e-02, -2.31509525e-02, -1.61097106e-02, -2.84953713e-02,
       -1.51295928e-04,  5.25564738e-02,  5.25539229e-03,  2.95752790e-02,
       -2.45818961e-02,  4.10152711e-02,  5.81437815e-03, -1.80308837e-02,
        5.41941188e-02,  2.20653955e-02, -2.08164076e-03,  7.46880844e-03,
       -2.67801192e-02, -5.55898249e-03, -1.25556102e-03,  4.20757271e-02,
        3.66165452e-02, -1.86422616e-02,  5.61919212e-02,  5.01000062e-02,
        1.90572515e-02, -2.15054676e-02, -1.53489560e-02, -2.07216367e-02,
        3.46440859e-02, -3.19350436e-02,  3.74480849e-03, -3.09120715e-02,
       -2.66259890e-02,  1.10196532e-03, -1.46411182e-02, -2.88271941e-02,
        3.82112376e-02, -5.49560599e-02,  2.52318271e-02, -2.78850757e-02,
       -4.81476818e-05,  3.95643823e-02,  4.00938047e-03, -8.93162005e-03,
        2.17558593e-02,  4.22898866e-02, -5.84092364e-03,  1.63733549e-02,
        1.18873335e-01,  1.25501668e-02,  1.83666206e-03,  3.35937948e-03,
       -3.58557189e-03,  1.21116623e-01,  6.79578930e-02,  1.17636204e-01,
        8.30140188e-02, -2.86645163e-02,  2.38302704e-02,  1.26509026e-01,
        1.76888242e-01,  9.40556750e-02, -2.00805180e-02,  3.55419405e-02,
        2.61873491e-02, -2.62625683e-02, -1.12837404e-02,  3.47668193e-02,
       -9.14127380e-03,  3.75850871e-02,  9.29700062e-02,  1.36056188e-02,
        1.17772162e-01,  5.94007187e-02,  2.10208856e-02,  1.36805400e-02,
        7.66534656e-02,  4.67714816e-02,  8.11315887e-03,  2.26141755e-02,
        2.46947259e-02,  4.43818048e-02,  4.21025231e-02,  1.35237481e-02,
        2.54920451e-03, -2.09164936e-02,  1.36085257e-01,  8.20420310e-02,
        2.56163925e-02,  3.71849686e-02, -5.81643358e-03,  4.35603186e-02,
       -3.68852937e-03,  8.20649192e-02, -8.63438845e-03, -2.31288522e-02,
        3.83334942e-02, -4.55153320e-04,  5.95100075e-02,  5.31482771e-02,
        6.82941228e-02,  5.10427766e-02, -2.18313579e-02, -2.03390960e-02,
        3.70049477e-02,  5.23396879e-02,  3.15705985e-02,  4.64491658e-02,
       -5.64347021e-02,  1.70293033e-01, -1.93072148e-02,  1.05957299e-01],
      dtype=float32)>, <tf.Variable 'dense2/kernel:0' shape=(128, 81) dtype=float32, numpy=
array([[-0.1622009 , -0.11092841,  0.26101804, ..., -0.01986681,
         0.14279383, -0.93701786],
       [-0.0650534 , -0.3634079 , -0.02402003, ...,  0.07821409,
         0.00878725, -0.4880753 ],
       [ 0.09733372,  0.02805915, -0.2567819 , ...,  0.18508045,
         0.0140163 , -0.2965235 ],
       ...,
       [-0.3190637 ,  0.34308457, -0.03635588, ..., -0.4112449 ,
        -0.5563786 , -0.21655916],
       [ 0.17166997, -0.28813398,  0.18468916, ..., -0.23083778,
         0.09384029, -0.05561258],
       [-0.13619211,  0.45490992,  0.09227467, ..., -0.31422114,
        -0.15474407,  0.23117489]], dtype=float32)>, <tf.Variable 'dense2/bias:0' shape=(81,) dtype=float32, numpy=
array([-0.09361563, -0.00433324, -0.06814432, -0.0318224 ,  0.02209419,
       -0.0495419 ,  0.06669967, -0.00288545, -0.01187467, -0.02153459,
        0.0073529 , -0.02401602,  0.02788524, -0.06415579,  0.01755478,
       -0.04717693,  0.00665541, -0.10707249,  0.0241496 , -0.0670296 ,
        0.06702164,  0.13378032, -0.03006663, -0.09239298, -0.05563035,
       -0.06015569, -0.03639513,  0.01838655, -0.03989171, -0.02088261,
       -0.00416612, -0.0256583 , -0.09518576,  0.0097315 , -0.04586125,
        0.0258416 , -0.07525712, -0.07445541, -0.02773402,  0.00016921,
        0.01400963, -0.02850324,  0.12340856,  0.03680101, -0.03302992,
        0.01570531,  0.00792021, -0.00542825, -0.03410275, -0.05213251,
       -0.05862781, -0.00787657,  0.05555264, -0.01678123, -0.00116095,
       -0.0173031 ,  0.02588765, -0.01454669,  0.05885812,  0.05698984,
        0.11930089,  0.0274737 ,  0.06704763, -0.03892796,  0.05298374,
        0.05369497, -0.01970951, -0.03339043, -0.02454592,  0.00475691,
        0.03614287,  0.03536392, -0.000677  , -0.04931303,  0.01607697,
       -0.08521599, -0.05478945,  0.00865915,  0.04019485, -0.08537847,
        0.00479047], dtype=float32)>]